Timestamp,DeviceName,AdvertisingType,AddressType,Address,RSSI,Channel
2024-04-05T13:34:24.624,,2,1,52:20:fa:fa:a0:d6,-55,39
2024-04-05T13:34:24.624,LYWSD03MMC,0,0,a4:c1:38:e0:67:ae,-46,39
2024-04-05T13:34:24.634,,2,1,52:20:fa:fa:a0:d6,-55,39
2024-04-05T13:34:24.644,,2,1,52:20:fa:fa:a0:d6,-55,39
2024-04-05T13:34:24.644,LYWSD03MMC,0,0,a4:c1:38:e0:67:ae,-46,39
2024-04-05T13:34:24.654,,2,1,52:20:fa:fa:a0:d6,-55,39
2024-04-05T13:34:24.734,,2,1,52:20:fa:fa:a0:d6,-51,37
2024-04-05T13:34:24.734,LYWSD03MMC,0,0,a4:c1:38:e0:67:ae,-42,37
2024-04-05T13:34:24.744,,2,1,52:20:fa:fa:a0:d6,-60,38
2024-04-05T13:34:24.744,LYWSD03MMC,0,0,a4:c1:38:e0:67:ae,-37,38
2024-04-05T13:34:24.744,,2,1,52:20:fa:fa:a0:d6,-52,37
2024-04-05T13:34:24.754,LYWSD03MMC,0,0,a4:c1:38:e0:67:ae,-42,37
2024-04-05T13:34:24.754,,2,1,52:20:fa:fa:a0:d6,-62,38
2024-04-05T13:34:24.754,,2,1,52:20:fa:fa:a0:d6,-51,37
2024-04-05T13:34:24.764,,2,1,52:20:fa:fa:a0:d6,-61,38
2024-04-05T13:34:24.764,LYWSD03MMC,0,0,a4:c1:38:e0:67:ae,-37,38
2024-04-05T13:34:24.764,,2,1,52:20:fa:fa:a0:d6,-52,37
2024-04-05T13:34:24.774,,2,1,52:20:fa:fa:a0:d6,-61,38
2024-04-05T13:34:24.924,,2,1,52:20:fa:fa:a0:d6,-55,39
2024-04-05T13:34:25.034,,2,1,52:20:fa:fa:a0:d6,-52,37
2024-04-05T13:34:25.044,,2,1,52:20:fa:fa:a0:d6,-61,38
2024-04-05T13:34:25.224,,2,1,52:20:fa:fa:a0:d6,-56,39
2024-04-05T13:34:25.284,,2,1,52:20:fa:fa:a0:d6,-52,37
2024-04-05T13:34:25.294,,2,1,52:20:fa:fa:a0:d6,-61,38
2024-04-05T13:34:25.474,,2,1,52:20:fa:fa:a0:d6,-55,39
2024-04-05T13:34:25.594,,2,1,52:20:fa:fa:a0:d6,-61,38
2024-04-05T13:34:25.774,,2,1,52:20:fa:fa:a0:d6,-56,39
2024-04-05T13:34:25.884,,2,1,52:20:fa:fa:a0:d6,-52,37
2024-04-05T13:34:25.894,,2,1,52:20:fa:fa:a0:d6,-59,38
2024-04-05T13:34:26.074,,2,1,52:20:fa:fa:a0:d6,-55,39
2024-04-05T13:34:26.184,,2,1,52:20:fa:fa:a0:d6,-52,37
2024-04-05T13:34:26.194,,2,1,52:20:fa:fa:a0:d6,-61,38
2024-04-05T13:34:26.434,,2,1,52:20:fa:fa:a0:d6,-52,37
2024-04-05T13:34:26.444,,2,1,52:20:fa:fa:a0:d6,-61,38
2024-04-05T13:34:26.524,LYWSD03MMC,0,0,a4:c1:38:e0:67:ae,-45,39
2024-04-05T13:34:26.624,,2,1,52:20:fa:fa:a0:d6,-55,39
2024-04-05T13:34:26.634,LYWSD03MMC,0,0,a4:c1:38:e0:67:ae,-42,37
2024-04-05T13:34:26.644,LYWSD03MMC,0,0,a4:c1:38:e0:67:ae,-37,38
2024-04-05T13:34:26.734,,2,1,52:20:fa:fa:a0:d6,-54,37
2024-04-05T13:34:26.744,,2,1,52:20:fa:fa:a0:d6,-60,38
2024-04-05T13:34:26.924,,2,1,52:20:fa:fa:a0:d6,-56,39
2024-04-05T13:34:27.034,,2,1,52:20:fa:fa:a0:d6,-52,37
2024-04-05T13:34:27.044,,2,1,52:20:fa:fa:a0:d6,-61,38
2024-04-05T13:34:27.224,,2,1,52:20:fa:fa:a0:d6,-55,39
2024-04-05T13:34:27.284,,2,1,52:20:fa:fa:a0:d6,-54,37
2024-04-05T13:34:27.294,,2,1,52:20:fa:fa:a0:d6,-61,38
2024-04-05T13:34:27.474,,2,1,52:20:fa:fa:a0:d6,-55,39
2024-04-05T13:34:27.584,,2,1,52:20:fa:fa:a0:d6,-55,37
2024-04-05T13:34:27.594,,2,1,52:20:fa:fa:a0:d6,-60,38
2024-04-05T13:34:27.774,,2,1,52:20:fa:fa:a0:d6,-55,39
2024-04-05T13:34:27.884,,2,1,52:20:fa:fa:a0:d6,-55,37
2024-04-05T13:34:27.894,,2,1,52:20:fa:fa:a0:d6,-60,38
2024-04-05T13:34:28.074,,2,1,52:20:fa:fa:a0:d6,-56,39
2024-04-05T13:34:28.184,,2,1,52:20:fa:fa:a0:d6,-55,37
2024-04-05T13:34:28.194,,2,1,52:20:fa:fa:a0:d6,-58,38
2024-04-05T13:34:28.374,,2,1,52:20:fa:fa:a0:d6,-55,39
2024-04-05T13:34:28.434,,2,1,52:20:fa:fa:a0:d6,-56,37
2024-04-05T13:34:28.444,,2,1,52:20:fa:fa:a0:d6,-62,38
2024-04-05T13:34:28.734,,2,1,52:20:fa:fa:a0:d6,-54,37
2024-04-05T13:34:28.744,,2,1,52:20:fa:fa:a0:d6,-60,38
2024-04-05T13:34:28.774,LYWSD03MMC,0,0,a4:c1:38:e0:67:ae,-48,39
2024-04-05T13:34:28.894,LYWSD03MMC,0,0,a4:c1:38:e0:67:ae,-37,38
2024-04-05T13:34:28.924,,2,1,52:20:fa:fa:a0:d6,-55,39
2024-04-05T13:34:29.034,,2,1,52:20:fa:fa:a0:d6,-57,37
2024-04-05T13:34:29.044,,2,1,52:20:fa:fa:a0:d6,-58,38
2024-04-05T13:34:29.224,,2,1,52:20:fa:fa:a0:d6,-57,39
2024-04-05T13:34:29.334,,2,1,52:20:fa:fa:a0:d6,-57,37
2024-04-05T13:34:29.344,,2,1,52:20:fa:fa:a0:d6,-60,38
2024-04-05T13:34:29.524,,2,1,52:20:fa:fa:a0:d6,-56,39
2024-04-05T13:34:29.774,,2,1,52:20:fa:fa:a0:d6,-55,39
2024-04-05T13:34:29.884,,2,1,52:20:fa:fa:a0:d6,-57,37
2024-04-05T13:34:29.894,,2,1,52:20:fa:fa:a0:d6,-59,38
2024-04-05T13:34:30.074,,2,1,52:20:fa:fa:a0:d6,-55,39
2024-04-05T13:34:30.184,,2,1,52:20:fa:fa:a0:d6,-57,37
2024-04-05T13:34:30.194,,2,1,52:20:fa:fa:a0:d6,-59,38
2024-04-05T13:34:30.374,,2,1,52:20:fa:fa:a0:d6,-55,39
2024-04-05T13:34:30.624,,2,1,52:20:fa:fa:a0:d6,-56,39
2024-04-05T13:34:30.734,,2,1,52:20:fa:fa:a0:d6,-57,37
2024-04-05T13:34:30.744,,2,1,52:20:fa:fa:a0:d6,-60,38
2024-04-05T13:34:30.774,LYWSD03MMC,0,0,a4:c1:38:e0:67:ae,-55,39
2024-04-05T13:34:30.884,LYWSD03MMC,0,0,a4:c1:38:e0:67:ae,-39,37
2024-04-05T13:34:30.894,LYWSD03MMC,0,0,a4:c1:38:e0:67:ae,-37,38
2024-04-05T13:34:30.924,,2,1,52:20:fa:fa:a0:d6,-55,39
2024-04-05T13:34:31.034,,2,1,52:20:fa:fa:a0:d6,-58,37
2024-04-05T13:34:31.044,,2,1,52:20:fa:fa:a0:d6,-61,38
2024-04-05T13:34:31.224,,2,1,52:20:fa:fa:a0:d6,-55,39
2024-04-05T13:34:31.334,,2,1,52:20:fa:fa:a0:d6,-57,37
2024-04-05T13:34:31.344,,2,1,52:20:fa:fa:a0:d6,-61,38
2024-04-05T13:34:31.524,,2,1,52:20:fa:fa:a0:d6,-55,39
2024-04-05T13:34:31.584,,2,1,52:20:fa:fa:a0:d6,-58,37
2024-04-05T13:34:31.594,,2,1,52:20:fa:fa:a0:d6,-60,38
2024-04-05T13:34:31.774,,2,1,52:20:fa:fa:a0:d6,-55,39
2024-04-05T13:34:31.884,,2,1,52:20:fa:fa:a0:d6,-58,37
2024-04-05T13:34:31.894,,2,1,52:20:fa:fa:a0:d6,-59,38
2024-04-05T13:34:32.074,,2,1,52:20:fa:fa:a0:d6,-56,39
2024-04-05T13:34:32.184,,2,1,52:20:fa:fa:a0:d6,-58,37
2024-04-05T13:34:32.194,,2,1,52:20:fa:fa:a0:d6,-58,38
2024-04-05T13:34:32.374,,2,1,52:20:fa:fa:a0:d6,-56,39
2024-04-05T13:34:32.434,,2,1,52:20:fa:fa:a0:d6,-58,37
2024-04-05T13:34:32.624,,2,1,52:20:fa:fa:a0:d6,-53,39
2024-04-05T13:34:32.734,,2,1,52:20:fa:fa:a0:d6,-58,37
2024-04-05T13:34:32.744,,2,1,52:20:fa:fa:a0:d6,-60,38
2024-04-05T13:34:32.924,,2,1,52:20:fa:fa:a0:d6,-55,39
2024-04-05T13:34:33.024,LYWSD03MMC,0,0,a4:c1:38:e0:67:ae,-50,39
2024-04-05T13:34:33.034,,2,1,52:20:fa:fa:a0:d6,-54,37
2024-04-05T13:34:33.044,,2,1,52:20:fa:fa:a0:d6,-76,38
2024-04-05T13:34:33.134,LYWSD03MMC,0,0,a4:c1:38:e0:67:ae,-40,37
2024-04-05T13:34:33.144,LYWSD03MMC,0,0,a4:c1:38:e0:67:ae,-38,38
2024-04-05T13:34:33.224,,2,1,52:20:fa:fa:a0:d6,-58,39
2024-04-05T13:34:33.334,,2,1,52:20:fa:fa:a0:d6,-57,37
2024-04-05T13:34:33.344,,2,1,52:20:fa:fa:a0:d6,-63,38
2024-04-05T13:34:33.524,,2,1,52:20:fa:fa:a0:d6,-58,39
2024-04-05T13:34:33.584,,2,1,52:20:fa:fa:a0:d6,-57,37
2024-04-05T13:34:33.594,,2,1,52:20:fa:fa:a0:d6,-61,38
2024-04-05T13:34:33.774,,2,1,52:20:fa:fa:a0:d6,-54,39
2024-04-05T13:34:33.884,,2,1,52:20:fa:fa:a0:d6,-53,37
2024-04-05T13:34:33.894,,2,1,52:20:fa:fa:a0:d6,-71,38
2024-04-05T13:34:34.074,,2,1,52:20:fa:fa:a0:d6,-52,39
2024-04-05T13:34:34.184,,2,1,52:20:fa:fa:a0:d6,-53,37
2024-04-05T13:34:34.194,,2,1,52:20:fa:fa:a0:d6,-67,38
2024-04-05T13:34:34.374,,2,1,52:20:fa:fa:a0:d6,-54,39
2024-04-05T13:34:34.434,,2,1,52:20:fa:fa:a0:d6,-53,37
2024-04-05T13:34:34.624,,2,1,52:20:fa:fa:a0:d6,-54,39
2024-04-05T13:34:34.734,,2,1,52:20:fa:fa:a0:d6,-55,37
2024-04-05T13:34:34.744,,2,1,52:20:fa:fa:a0:d6,-65,38
2024-04-05T13:34:34.924,,2,1,52:20:fa:fa:a0:d6,-55,39
2024-04-05T13:34:35.034,,2,1,52:20:fa:fa:a0:d6,-53,37
2024-04-05T13:34:35.044,,2,1,52:20:fa:fa:a0:d6,-58,38
2024-04-05T13:34:35.224,,2,1,52:20:fa:fa:a0:d6,-56,39
2024-04-05T13:34:35.334,,2,1,52:20:fa:fa:a0:d6,-55,37
2024-04-05T13:34:35.344,,2,1,52:20:fa:fa:a0:d6,-58,38
2024-04-05T13:34:35.434,LYWSD03MMC,0,0,a4:c1:38:e0:67:ae,-39,37
2024-04-05T13:34:35.444,LYWSD03MMC,0,0,a4:c1:38:e0:67:ae,-36,38
2024-04-05T13:34:35.524,,2,1,52:20:fa:fa:a0:d6,-55,39
2024-04-05T13:34:35.584,,2,1,52:20:fa:fa:a0:d6,-56,37
2024-04-05T13:34:35.594,,2,1,52:20:fa:fa:a0:d6,-60,38
2024-04-05T13:34:35.884,,2,1,52:20:fa:fa:a0:d6,-57,37
2024-04-05T13:34:35.894,,2,1,52:20:fa:fa:a0:d6,-59,38
2024-04-05T13:34:36.074,,2,1,52:20:fa:fa:a0:d6,-55,39
2024-04-05T13:34:36.184,,2,1,52:20:fa:fa:a0:d6,-56,37
2024-04-05T13:34:36.194,,2,1,52:20:fa:fa:a0:d6,-58,38
2024-04-05T13:34:36.374,,2,1,52:20:fa:fa:a0:d6,-55,39
2024-04-05T13:34:36.484,,2,1,52:20:fa:fa:a0:d6,-56,37
2024-04-05T13:34:36.494,,2,1,52:20:fa:fa:a0:d6,-58,38
2024-04-05T13:34:36.734,,2,1,52:20:fa:fa:a0:d6,-56,37
2024-04-05T13:34:36.744,,2,1,52:20:fa:fa:a0:d6,-59,38
2024-04-05T13:34:36.924,,2,1,52:20:fa:fa:a0:d6,-55,39
2024-04-05T13:34:37.034,,2,1,52:20:fa:fa:a0:d6,-57,37
2024-04-05T13:34:37.044,,2,1,52:20:fa:fa:a0:d6,-59,38
2024-04-05T13:34:37.224,,2,1,52:20:fa:fa:a0:d6,-55,39
2024-04-05T13:34:37.334,,2,1,52:20:fa:fa:a0:d6,-57,37
2024-04-05T13:34:37.344,,2,1,52:20:fa:fa:a0:d6,-59,38
2024-04-05T13:34:37.524,,2,1,52:20:fa:fa:a0:d6,-55,39
2024-04-05T13:34:37.584,,2,1,52:20:fa:fa:a0:d6,-56,37
2024-04-05T13:34:37.624,LYWSD03MMC,0,0,a4:c1:38:e0:67:ae,-49,39
2024-04-05T13:34:37.734,LYWSD03MMC,0,0,a4:c1:38:e0:67:ae,-38,37
2024-04-05T13:34:37.744,LYWSD03MMC,0,0,a4:c1:38:e0:67:ae,-37,38
2024-04-05T13:34:37.774,,2,1,52:20:fa:fa:a0:d6,-55,39
2024-04-05T13:34:37.884,,2,1,52:20:fa:fa:a0:d6,-55,37
2024-04-05T13:34:37.894,,2,1,52:20:fa:fa:a0:d6,-59,38
2024-04-05T13:34:38.074,,2,1,52:20:fa:fa:a0:d6,-55,39
2024-04-05T13:34:38.184,,2,1,52:20:fa:fa:a0:d6,-56,37
2024-04-05T13:34:38.194,,2,1,52:20:fa:fa:a0:d6,-58,38
2024-04-05T13:34:38.374,,2,1,52:20:fa:fa:a0:d6,-54,39
2024-04-05T13:34:38.434,,2,1,52:20:fa:fa:a0:d6,-56,37
2024-04-05T13:34:38.444,,2,1,52:20:fa:fa:a0:d6,-59,38
2024-04-05T13:34:38.624,,2,1,52:20:fa:fa:a0:d6,-54,39
2024-04-05T13:34:38.734,,2,1,52:20:fa:fa:a0:d6,-57,37
2024-04-05T13:34:38.744,,2,1,52:20:fa:fa:a0:d6,-59,38
2024-04-05T13:34:39.034,,2,1,52:20:fa:fa:a0:d6,-57,37
2024-04-05T13:34:39.044,,2,1,52:20:fa:fa:a0:d6,-58,38
2024-04-05T13:34:39.224,,2,1,52:20:fa:fa:a0:d6,-54,39
2024-04-05T13:34:39.334,,2,1,52:20:fa:fa:a0:d6,-57,37
2024-04-05T13:34:39.344,,2,1,52:20:fa:fa:a0:d6,-59,38
2024-04-05T13:34:39.524,,2,1,52:20:fa:fa:a0:d6,-54,39
2024-04-05T13:34:39.584,,2,1,52:20:fa:fa:a0:d6,-56,37
2024-04-05T13:34:39.594,,2,1,52:20:fa:fa:a0:d6,-59,38
2024-04-05T13:34:39.774,,2,1,52:20:fa:fa:a0:d6,-54,39
2024-04-05T13:34:39.884,,2,1,52:20:fa:fa:a0:d6,-57,37
2024-04-05T13:34:39.894,,2,1,52:20:fa:fa:a0:d6,-58,38
2024-04-05T13:34:39.924,LYWSD03MMC,0,0,a4:c1:38:e0:67:ae,-50,39
2024-04-05T13:34:40.034,LYWSD03MMC,0,0,a4:c1:38:e0:67:ae,-39,37
2024-04-05T13:34:40.044,LYWSD03MMC,0,0,a4:c1:38:e0:67:ae,-36,38
2024-04-05T13:34:40.074,,2,1,52:20:fa:fa:a0:d6,-54,39
2024-04-05T13:34:40.184,,2,1,52:20:fa:fa:a0:d6,-56,37
2024-04-05T13:34:40.194,,2,1,52:20:fa:fa:a0:d6,-59,38
2024-04-05T13:34:40.374,,2,1,52:20:fa:fa:a0:d6,-54,39
2024-04-05T13:34:40.434,,2,1,52:20:fa:fa:a0:d6,-57,37
2024-04-05T13:34:40.444,,2,1,52:20:fa:fa:a0:d6,-59,38
2024-04-05T13:34:40.624,,2,1,52:20:fa:fa:a0:d6,-53,39
2024-04-05T13:34:40.734,,2,1,52:20:fa:fa:a0:d6,-56,37
2024-04-05T13:34:40.744,,2,1,52:20:fa:fa:a0:d6,-59,38
2024-04-05T13:34:40.924,,2,1,52:20:fa:fa:a0:d6,-54,39
2024-04-05T13:34:41.034,,2,1,52:20:fa:fa:a0:d6,-57,37
2024-04-05T13:34:41.044,,2,1,52:20:fa:fa:a0:d6,-59,38
2024-04-05T13:34:41.224,,2,1,52:20:fa:fa:a0:d6,-53,39
2024-04-05T13:34:41.334,,2,1,52:20:fa:fa:a0:d6,-56,37
2024-04-05T13:34:41.344,,2,1,52:20:fa:fa:a0:d6,-59,38
2024-04-05T13:34:41.584,,2,1,52:20:fa:fa:a0:d6,-57,37
2024-04-05T13:34:41.594,,2,1,52:20:fa:fa:a0:d6,-59,38
2024-04-05T13:34:41.774,,2,1,52:20:fa:fa:a0:d6,-55,39
2024-04-05T13:34:41.884,,2,1,52:20:fa:fa:a0:d6,-57,37
2024-04-05T13:34:41.894,,2,1,52:20:fa:fa:a0:d6,-59,38
2024-04-05T13:34:41.974,,0,0,a4:c1:38:e0:67:ae,-49,39
2024-04-05T13:34:42.034,,0,0,a4:c1:38:e0:67:ae,-39,37
2024-04-05T13:34:42.044,,0,0,a4:c1:38:e0:67:ae,-36,38
2024-04-05T13:34:42.074,,2,1,52:20:fa:fa:a0:d6,-54,39
2024-04-05T13:34:42.184,,2,1,52:20:fa:fa:a0:d6,-57,37
2024-04-05T13:34:42.194,,2,1,52:20:fa:fa:a0:d6,-59,38
2024-04-05T13:34:42.374,,2,1,52:20:fa:fa:a0:d6,-54,39
2024-04-05T13:34:42.434,,2,1,52:20:fa:fa:a0:d6,-56,37
2024-04-05T13:34:42.444,,2,1,52:20:fa:fa:a0:d6,-58,38
2024-04-05T13:34:42.624,,2,1,52:20:fa:fa:a0:d6,-54,39
2024-04-05T13:34:42.734,,2,1,52:20:fa:fa:a0:d6,-53,37
2024-04-05T13:34:42.744,,2,1,52:20:fa:fa:a0:d6,-58,38
2024-04-05T13:34:42.924,,2,1,52:20:fa:fa:a0:d6,-54,39
2024-04-05T13:34:43.034,,2,1,52:20:fa:fa:a0:d6,-52,37
2024-04-05T13:34:43.044,,2,1,52:20:fa:fa:a0:d6,-63,38
2024-04-05T13:34:43.224,,2,1,52:20:fa:fa:a0:d6,-55,39
2024-04-05T13:34:43.284,,2,1,52:20:fa:fa:a0:d6,-52,37
2024-04-05T13:34:43.294,,2,1,52:20:fa:fa:a0:d6,-66,38
2024-04-05T13:34:43.474,,2,1,52:20:fa:fa:a0:d6,-55,39
2024-04-05T13:34:43.584,,2,1,52:20:fa:fa:a0:d6,-55,37
2024-04-05T13:34:43.594,,2,1,52:20:fa:fa:a0:d6,-59,38
2024-04-05T13:34:43.774,,2,1,52:20:fa:fa:a0:d6,-53,39
2024-04-05T13:34:43.884,,2,1,52:20:fa:fa:a0:d6,-54,37
2024-04-05T13:34:43.894,,2,1,52:20:fa:fa:a0:d6,-78,38
2024-04-05T13:34:44.074,,2,1,52:20:fa:fa:a0:d6,-54,39
2024-04-05T13:34:44.174,,0,0,a4:c1:38:e0:67:ae,-46,39
2024-04-05T13:34:44.184,,2,1,52:20:fa:fa:a0:d6,-52,37
2024-04-05T13:34:44.194,,2,1,52:20:fa:fa:a0:d6,-58,38
2024-04-05T13:34:44.284,,0,0,a4:c1:38:e0:67:ae,-40,37
2024-04-05T13:34:44.294,,0,0,a4:c1:38:e0:67:ae,-38,38
2024-04-05T13:34:44.374,,2,1,52:20:fa:fa:a0:d6,-52,39
2024-04-05T13:34:44.434,,2,1,52:20:fa:fa:a0:d6,-54,37
2024-04-05T13:34:44.444,,2,1,52:20:fa:fa:a0:d6,-62,38
2024-04-05T13:34:44.624,,2,1,52:20:fa:fa:a0:d6,-52,39
2024-04-05T13:34:44.734,,2,1,52:20:fa:fa:a0:d6,-53,37
2024-04-05T13:34:44.744,,2,1,52:20:fa:fa:a0:d6,-64,38
2024-04-05T13:34:44.924,,2,1,52:20:fa:fa:a0:d6,-54,39
2024-04-05T13:34:45.034,,2,1,52:20:fa:fa:a0:d6,-52,37
2024-04-05T13:34:45.044,,2,1,52:20:fa:fa:a0:d6,-62,38
2024-04-05T13:34:45.224,,2,1,52:20:fa:fa:a0:d6,-56,39
2024-04-05T13:34:45.334,,2,1,52:20:fa:fa:a0:d6,-57,37
2024-04-05T13:34:45.344,,2,1,52:20:fa:fa:a0:d6,-67,38
2024-04-05T13:34:45.524,,2,1,52:20:fa:fa:a0:d6,-58,39
2024-04-05T13:34:45.584,,2,1,52:20:fa:fa:a0:d6,-58,37
2024-04-05T13:34:45.594,,2,1,52:20:fa:fa:a0:d6,-61,38
2024-04-05T13:34:45.774,,2,1,52:20:fa:fa:a0:d6,-58,39
2024-04-05T13:34:45.884,,2,1,52:20:fa:fa:a0:d6,-58,37
2024-04-05T13:34:45.894,,2,1,52:20:fa:fa:a0:d6,-58,38
2024-04-05T13:34:46.074,,2,1,52:20:fa:fa:a0:d6,-59,39
2024-04-05T13:34:46.184,,2,1,52:20:fa:fa:a0:d6,-57,37
2024-04-05T13:34:46.194,,2,1,52:20:fa:fa:a0:d6,-58,38
2024-04-05T13:34:46.374,,2,1,52:20:fa:fa:a0:d6,-59,39
2024-04-05T13:34:46.434,,2,1,52:20:fa:fa:a0:d6,-58,37
2024-04-05T13:34:46.444,,2,1,52:20:fa:fa:a0:d6,-59,38
2024-04-05T13:34:46.534,,0,0,a4:c1:38:e0:67:ae,-40,37
2024-04-05T13:34:46.544,,0,0,a4:c1:38:e0:67:ae,-37,38
2024-04-05T13:34:46.624,,2,1,52:20:fa:fa:a0:d6,-58,39
2024-04-05T13:34:46.734,,2,1,52:20:fa:fa:a0:d6,-59,37
2024-04-05T13:34:46.744,,2,1,52:20:fa:fa:a0:d6,-60,38
2024-04-05T13:34:46.924,,2,1,52:20:fa:fa:a0:d6,-58,39
2024-04-05T13:34:47.034,,2,1,52:20:fa:fa:a0:d6,-59,37
2024-04-05T13:34:47.044,,2,1,52:20:fa:fa:a0:d6,-61,38
2024-04-05T13:34:47.224,,2,1,52:20:fa:fa:a0:d6,-58,39
2024-04-05T13:34:47.334,,2,1,52:20:fa:fa:a0:d6,-59,37
2024-04-05T13:34:47.344,,2,1,52:20:fa:fa:a0:d6,-60,38
2024-04-05T13:34:47.524,,2,1,52:20:fa:fa:a0:d6,-58,39
2024-04-05T13:34:47.584,,2,1,52:20:fa:fa:a0:d6,-59,37
2024-04-05T13:34:47.594,,2,1,52:20:fa:fa:a0:d6,-60,38
2024-04-05T13:34:47.774,,2,1,52:20:fa:fa:a0:d6,-58,39
2024-04-05T13:34:47.884,,2,1,52:20:fa:fa:a0:d6,-60,37
2024-04-05T13:34:47.894,,2,1,52:20:fa:fa:a0:d6,-60,38
2024-04-05T13:34:48.074,,2,1,52:20:fa:fa:a0:d6,-59,39
2024-04-05T13:34:48.184,,2,1,52:20:fa:fa:a0:d6,-61,37
2024-04-05T13:34:48.194,,2,1,52:20:fa:fa:a0:d6,-59,38
2024-04-05T13:34:48.374,,2,1,52:20:fa:fa:a0:d6,-58,39
2024-04-05T13:34:48.434,,2,1,52:20:fa:fa:a0:d6,-60,37
2024-04-05T13:34:48.444,,2,1,52:20:fa:fa:a0:d6,-61,38
2024-04-05T13:34:48.624,,2,1,52:20:fa:fa:a0:d6,-57,39
2024-04-05T13:34:48.734,,2,1,52:20:fa:fa:a0:d6,-60,37
2024-04-05T13:34:48.744,,2,1,52:20:fa:fa:a0:d6,-61,38
2024-04-05T13:34:48.924,,2,1,52:20:fa:fa:a0:d6,-56,39
2024-04-05T13:34:49.034,,2,1,52:20:fa:fa:a0:d6,-60,37
2024-04-05T13:34:49.044,,2,1,52:20:fa:fa:a0:d6,-61,38
2024-04-05T13:34:49.224,,2,1,52:20:fa:fa:a0:d6,-56,39
2024-04-05T13:34:49.334,,2,1,52:20:fa:fa:a0:d6,-59,37
2024-04-05T13:34:49.344,,2,1,52:20:fa:fa:a0:d6,-61,38
2024-04-05T13:34:49.524,,2,1,52:20:fa:fa:a0:d6,-57,39
2024-04-05T13:34:49.584,,2,1,52:20:fa:fa:a0:d6,-60,37
2024-04-05T13:34:49.594,,2,1,52:20:fa:fa:a0:d6,-60,38
2024-04-05T13:34:49.774,,2,1,52:20:fa:fa:a0:d6,-58,39
2024-04-05T13:34:49.884,,2,1,52:20:fa:fa:a0:d6,-60,37
2024-04-05T13:34:49.894,,2,1,52:20:fa:fa:a0:d6,-61,38
2024-04-05T13:34:50.074,,2,1,52:20:fa:fa:a0:d6,-59,39
2024-04-05T13:34:50.184,,2,1,52:20:fa:fa:a0:d6,-59,37
2024-04-05T13:34:50.194,,2,1,52:20:fa:fa:a0:d6,-60,38
2024-04-05T13:34:50.374,,2,1,52:20:fa:fa:a0:d6,-59,39
2024-04-05T13:34:50.624,,2,1,52:20:fa:fa:a0:d6,-58,39
2024-04-05T13:34:50.734,,2,1,52:20:fa:fa:a0:d6,-60,37
2024-04-05T13:34:50.744,,2,1,52:20:fa:fa:a0:d6,-61,38
2024-04-05T13:34:50.924,,2,1,52:20:fa:fa:a0:d6,-57,39
2024-04-05T13:34:51.034,,2,1,52:20:fa:fa:a0:d6,-61,37
2024-04-05T13:34:51.044,,2,1,52:20:fa:fa:a0:d6,-60,38
2024-04-05T13:34:51.224,,2,1,52:20:fa:fa:a0:d6,-57,39
2024-04-05T13:34:51.334,,2,1,52:20:fa:fa:a0:d6,-60,37
2024-04-05T13:34:51.344,,2,1,52:20:fa:fa:a0:d6,-61,38
2024-04-05T13:34:51.524,,2,1,52:20:fa:fa:a0:d6,-57,39
2024-04-05T13:34:51.584,,2,1,52:20:fa:fa:a0:d6,-59,37
2024-04-05T13:34:51.594,,2,1,52:20:fa:fa:a0:d6,-60,38
2024-04-05T13:34:51.774,,2,1,52:20:fa:fa:a0:d6,-58,39
2024-04-05T13:34:51.884,,2,1,52:20:fa:fa:a0:d6,-59,37
2024-04-05T13:34:51.894,,2,1,52:20:fa:fa:a0:d6,-60,38
2024-04-05T13:34:52.074,,2,1,52:20:fa:fa:a0:d6,-58,39
2024-04-05T13:34:52.184,,2,1,52:20:fa:fa:a0:d6,-59,37
2024-04-05T13:34:52.194,,2,1,52:20:fa:fa:a0:d6,-60,38
2024-04-05T13:34:52.374,,2,1,52:20:fa:fa:a0:d6,-57,39
2024-04-05T13:34:52.434,,2,1,52:20:fa:fa:a0:d6,-60,37
2024-04-05T13:34:52.674,,2,1,52:20:fa:fa:a0:d6,-58,39
2024-04-05T13:34:52.734,,2,1,52:20:fa:fa:a0:d6,-60,37
2024-04-05T13:34:52.744,,2,1,52:20:fa:fa:a0:d6,-63,38
2024-04-05T13:34:52.924,,2,1,52:20:fa:fa:a0:d6,-58,39
2024-04-05T13:34:53.034,,2,1,52:20:fa:fa:a0:d6,-59,37
2024-04-05T13:34:53.044,,2,1,52:20:fa:fa:a0:d6,-63,38
2024-04-05T13:34:53.224,,2,1,52:20:fa:fa:a0:d6,-58,39
2024-04-05T13:34:53.334,,2,1,52:20:fa:fa:a0:d6,-59,37
2024-04-05T13:34:53.344,,2,1,52:20:fa:fa:a0:d6,-63,38
2024-04-05T13:34:53.524,,2,1,52:20:fa:fa:a0:d6,-58,39
2024-04-05T13:34:53.634,,2,1,52:20:fa:fa:a0:d6,-59,37
2024-04-05T13:34:53.644,,2,1,52:20:fa:fa:a0:d6,-63,38
2024-04-05T13:34:53.774,,2,1,52:20:fa:fa:a0:d6,-58,39
2024-04-05T13:34:53.884,,2,1,52:20:fa:fa:a0:d6,-59,37
2024-04-05T13:34:53.894,,2,1,52:20:fa:fa:a0:d6,-62,38
2024-04-05T13:34:54.074,,2,1,52:20:fa:fa:a0:d6,-58,39
2024-04-05T13:34:54.184,,2,1,52:20:fa:fa:a0:d6,-59,37
2024-04-05T13:34:54.194,,2,1,52:20:fa:fa:a0:d6,-62,38
2024-04-05T13:34:54.374,,2,1,52:20:fa:fa:a0:d6,-58,39
2024-04-05T13:34:54.484,,2,1,52:20:fa:fa:a0:d6,-59,37
2024-04-05T13:34:54.494,,2,1,52:20:fa:fa:a0:d6,-62,38
2024-04-05T13:34:54.674,,2,1,52:20:fa:fa:a0:d6,-58,39
2024-04-05T13:34:54.734,,2,1,52:20:fa:fa:a0:d6,-58,37
2024-04-05T13:34:54.744,,2,1,52:20:fa:fa:a0:d6,-63,38
2024-04-05T13:34:54.924,,2,1,52:20:fa:fa:a0:d6,-58,39
2024-04-05T13:34:55.034,,2,1,52:20:fa:fa:a0:d6,-59,37
2024-04-05T13:34:55.044,,2,1,52:20:fa:fa:a0:d6,-63,38
2024-04-05T13:34:55.224,,2,1,52:20:fa:fa:a0:d6,-58,39
2024-04-05T13:34:55.334,,2,1,52:20:fa:fa:a0:d6,-59,37
2024-04-05T13:34:55.344,,2,1,52:20:fa:fa:a0:d6,-61,38
2024-04-05T13:34:55.524,,2,1,52:20:fa:fa:a0:d6,-58,39
2024-04-05T13:34:55.644,,2,1,52:20:fa:fa:a0:d6,-61,38
2024-04-05T13:34:55.774,,2,1,52:20:fa:fa:a0:d6,-58,39
2024-04-05T13:34:55.884,,2,1,52:20:fa:fa:a0:d6,-59,37
2024-04-05T13:34:55.894,,2,1,52:20:fa:fa:a0:d6,-61,38
2024-04-05T13:34:56.074,,2,1,52:20:fa:fa:a0:d6,-59,39
2024-04-05T13:34:56.184,,2,1,52:20:fa:fa:a0:d6,-59,37
2024-04-05T13:34:56.194,,2,1,52:20:fa:fa:a0:d6,-60,38
2024-04-05T13:34:56.374,,2,1,52:20:fa:fa:a0:d6,-61,39
2024-04-05T13:34:56.484,,2,1,52:20:fa:fa:a0:d6,-58,37
2024-04-05T13:34:56.494,,2,1,52:20:fa:fa:a0:d6,-60,38
2024-04-05T13:34:56.674,,2,1,52:20:fa:fa:a0:d6,-57,39
2024-04-05T13:34:56.734,,2,1,52:20:fa:fa:a0:d6,-58,37
2024-04-05T13:34:56.744,,2,1,52:20:fa:fa:a0:d6,-60,38
2024-04-05T13:34:56.924,,2,1,52:20:fa:fa:a0:d6,-57,39
2024-04-05T13:34:57.034,,2,1,52:20:fa:fa:a0:d6,-60,37
2024-04-05T13:34:57.044,,2,1,52:20:fa:fa:a0:d6,-61,38
2024-04-05T13:34:57.224,,2,1,52:20:fa:fa:a0:d6,-53,39
2024-04-05T13:34:57.334,,2,1,52:20:fa:fa:a0:d6,-56,37
2024-04-05T13:34:57.344,,2,1,52:20:fa:fa:a0:d6,-72,38
2024-04-05T13:34:57.524,,2,1,52:20:fa:fa:a0:d6,-55,39
2024-04-05T13:34:57.584,,2,1,52:20:fa:fa:a0:d6,-56,37
2024-04-05T13:34:57.594,,2,1,52:20:fa:fa:a0:d6,-70,38
2024-04-05T13:34:57.774,,2,1,52:20:fa:fa:a0:d6,-57,39
2024-04-05T13:34:57.884,,2,1,52:20:fa:fa:a0:d6,-58,37
2024-04-05T13:34:57.894,,2,1,52:20:fa:fa:a0:d6,-61,38
2024-04-05T13:34:58.074,,2,1,52:20:fa:fa:a0:d6,-57,39
2024-04-05T13:34:58.184,,2,1,52:20:fa:fa:a0:d6,-58,37
2024-04-05T13:34:58.194,,2,1,52:20:fa:fa:a0:d6,-59,38
2024-04-05T13:34:58.374,,2,1,52:20:fa:fa:a0:d6,-56,39
2024-04-05T13:34:58.484,,2,1,52:20:fa:fa:a0:d6,-58,37
2024-04-05T13:34:58.494,,2,1,52:20:fa:fa:a0:d6,-59,38
2024-04-05T13:34:58.734,,2,1,52:20:fa:fa:a0:d6,-59,37
2024-04-05T13:34:58.744,,2,1,52:20:fa:fa:a0:d6,-62,38
2024-04-05T13:34:58.924,,2,1,52:20:fa:fa:a0:d6,-57,39
2024-04-05T13:34:59.034,,2,1,52:20:fa:fa:a0:d6,-58,37
2024-04-05T13:34:59.044,,2,1,52:20:fa:fa:a0:d6,-61,38
2024-04-05T13:34:59.334,,2,1,52:20:fa:fa:a0:d6,-58,37
2024-04-05T13:34:59.344,,2,1,52:20:fa:fa:a0:d6,-60,38
2024-04-05T13:34:59.584,,2,1,52:20:fa:fa:a0:d6,-58,37
2024-04-05T13:34:59.594,,2,1,52:20:fa:fa:a0:d6,-62,38
2024-04-05T13:34:59.774,,2,1,52:20:fa:fa:a0:d6,-60,39
2024-04-05T13:34:59.884,,2,1,52:20:fa:fa:a0:d6,-58,37
2024-04-05T13:34:59.894,,2,1,52:20:fa:fa:a0:d6,-61,38
2024-04-05T13:35:00.074,,2,1,52:20:fa:fa:a0:d6,-53,39
2024-04-05T13:35:00.184,,2,1,52:20:fa:fa:a0:d6,-56,37
2024-04-05T13:35:00.194,,2,1,52:20:fa:fa:a0:d6,-65,38
2024-04-05T13:35:00.374,,2,1,52:20:fa:fa:a0:d6,-54,39
2024-04-05T13:35:00.434,,2,1,52:20:fa:fa:a0:d6,-56,37
2024-04-05T13:35:00.444,,2,1,52:20:fa:fa:a0:d6,-62,38
2024-04-05T13:35:00.624,,2,1,52:20:fa:fa:a0:d6,-53,39
2024-04-05T13:35:00.734,,2,1,52:20:fa:fa:a0:d6,-58,37
2024-04-05T13:35:00.744,,2,1,52:20:fa:fa:a0:d6,-64,38
2024-04-05T13:35:00.924,,2,1,52:20:fa:fa:a0:d6,-53,39
2024-04-05T13:35:01.034,,2,1,52:20:fa:fa:a0:d6,-56,37
2024-04-05T13:35:01.044,,2,1,52:20:fa:fa:a0:d6,-59,38
2024-04-05T13:35:01.224,,2,1,52:20:fa:fa:a0:d6,-53,39
2024-04-05T13:35:01.284,,2,1,52:20:fa:fa:a0:d6,-55,37
2024-04-05T13:35:01.294,,2,1,52:20:fa:fa:a0:d6,-58,38
2024-04-05T13:35:01.474,,2,1,52:20:fa:fa:a0:d6,-52,39
2024-04-05T13:35:01.584,,2,1,52:20:fa:fa:a0:d6,-55,37
2024-04-05T13:35:01.594,,2,1,52:20:fa:fa:a0:d6,-59,38
2024-04-05T13:35:01.774,,2,1,52:20:fa:fa:a0:d6,-53,39
2024-04-05T13:35:01.884,,2,1,52:20:fa:fa:a0:d6,-56,37
2024-04-05T13:35:01.894,,2,1,52:20:fa:fa:a0:d6,-59,38
2024-04-05T13:35:02.074,,2,1,52:20:fa:fa:a0:d6,-51,39
2024-04-05T13:35:02.184,,2,1,52:20:fa:fa:a0:d6,-58,37
2024-04-05T13:35:02.194,,2,1,52:20:fa:fa:a0:d6,-61,38
2024-04-05T13:35:02.434,,2,1,52:20:fa:fa:a0:d6,-54,37
2024-04-05T13:35:02.444,,2,1,52:20:fa:fa:a0:d6,-60,38
2024-04-05T13:35:02.624,,2,1,52:20:fa:fa:a0:d6,-51,39
2024-04-05T13:35:02.734,,2,1,52:20:fa:fa:a0:d6,-56,37
2024-04-05T13:35:02.744,,2,1,52:20:fa:fa:a0:d6,-66,38
2024-04-05T13:35:02.924,,2,1,52:20:fa:fa:a0:d6,-50,39
2024-04-05T13:35:03.024,LYWSD03MMC,0,0,a4:c1:38:e0:67:ae,-46,39
2024-04-05T13:35:03.034,,2,1,52:20:fa:fa:a0:d6,-52,37
2024-04-05T13:35:03.044,,2,1,52:20:fa:fa:a0:d6,-65,38
2024-04-05T13:35:03.134,LYWSD03MMC,0,0,a4:c1:38:e0:67:ae,-40,37
2024-04-05T13:35:03.144,LYWSD03MMC,0,0,a4:c1:38:e0:67:ae,-36,38
2024-04-05T13:35:03.224,,2,1,52:20:fa:fa:a0:d6,-50,39
2024-04-05T13:35:03.284,,2,1,52:20:fa:fa:a0:d6,-55,37
2024-04-05T13:35:03.294,,2,1,52:20:fa:fa:a0:d6,-60,38
2024-04-05T13:35:03.474,,2,1,52:20:fa:fa:a0:d6,-50,39
2024-04-05T13:35:03.584,,2,1,52:20:fa:fa:a0:d6,-55,37
2024-04-05T13:35:03.594,,2,1,52:20:fa:fa:a0:d6,-60,38
2024-04-05T13:35:03.774,,2,1,52:20:fa:fa:a0:d6,-50,39
2024-04-05T13:35:03.884,,2,1,52:20:fa:fa:a0:d6,-56,37
2024-04-05T13:35:03.894,,2,1,52:20:fa:fa:a0:d6,-61,38
2024-04-05T13:35:04.074,,2,1,52:20:fa:fa:a0:d6,-50,39
2024-04-05T13:35:04.194,,2,1,52:20:fa:fa:a0:d6,-60,38
2024-04-05T13:35:04.374,,2,1,52:20:fa:fa:a0:d6,-49,39
2024-04-05T13:35:04.434,,2,1,52:20:fa:fa:a0:d6,-55,37
2024-04-05T13:35:04.444,,2,1,52:20:fa:fa:a0:d6,-60,38
2024-04-05T13:35:04.624,,2,1,52:20:fa:fa:a0:d6,-49,39
2024-04-05T13:35:04.734,,2,1,52:20:fa:fa:a0:d6,-55,37
2024-04-05T13:35:04.744,,2,1,52:20:fa:fa:a0:d6,-61,38
2024-04-05T13:35:04.924,,2,1,52:20:fa:fa:a0:d6,-49,39
2024-04-05T13:35:05.034,,2,1,52:20:fa:fa:a0:d6,-55,37
2024-04-05T13:35:05.044,,2,1,52:20:fa:fa:a0:d6,-62,38
2024-04-05T13:35:05.224,,2,1,52:20:fa:fa:a0:d6,-50,39
2024-04-05T13:35:05.284,,2,1,52:20:fa:fa:a0:d6,-54,37
2024-04-05T13:35:05.324,LYWSD03MMC,0,0,a4:c1:38:e0:67:ae,-47,39
2024-04-05T13:35:05.434,LYWSD03MMC,0,0,a4:c1:38:e0:67:ae,-39,37
2024-04-05T13:35:05.444,LYWSD03MMC,0,0,a4:c1:38:e0:67:ae,-36,38
2024-04-05T13:35:05.474,,2,1,52:20:fa:fa:a0:d6,-49,39
2024-04-05T13:35:05.584,,2,1,52:20:fa:fa:a0:d6,-55,37
2024-04-05T13:35:05.594,,2,1,52:20:fa:fa:a0:d6,-62,38
2024-04-05T13:35:05.774,,2,1,52:20:fa:fa:a0:d6,-49,39
2024-04-05T13:35:05.884,,2,1,52:20:fa:fa:a0:d6,-54,37
2024-04-05T13:35:05.894,,2,1,52:20:fa:fa:a0:d6,-62,38
2024-04-05T13:35:06.074,,2,1,52:20:fa:fa:a0:d6,-49,39
2024-04-05T13:35:06.184,,2,1,52:20:fa:fa:a0:d6,-54,37
2024-04-05T13:35:06.194,,2,1,52:20:fa:fa:a0:d6,-62,38
2024-04-05T13:35:06.374,,2,1,52:20:fa:fa:a0:d6,-49,39
2024-04-05T13:35:06.434,,2,1,52:20:fa:fa:a0:d6,-54,37
2024-04-05T13:35:06.444,,2,1,52:20:fa:fa:a0:d6,-62,38
2024-04-05T13:35:06.624,,2,1,52:20:fa:fa:a0:d6,-49,39
2024-04-05T13:35:06.734,,2,1,52:20:fa:fa:a0:d6,-53,37
2024-04-05T13:35:06.744,,2,1,52:20:fa:fa:a0:d6,-62,38
2024-04-05T13:35:06.924,,2,1,52:20:fa:fa:a0:d6,-49,39
2024-04-05T13:35:07.034,,2,1,52:20:fa:fa:a0:d6,-53,37
2024-04-05T13:35:07.044,,2,1,52:20:fa:fa:a0:d6,-62,38
2024-04-05T13:35:07.224,,2,1,52:20:fa:fa:a0:d6,-49,39
2024-04-05T13:35:07.284,,2,1,52:20:fa:fa:a0:d6,-54,37
2024-04-05T13:35:07.324,LYWSD03MMC,0,0,a4:c1:38:e0:67:ae,-47,39
2024-04-05T13:35:07.434,LYWSD03MMC,0,0,a4:c1:38:e0:67:ae,-40,37
2024-04-05T13:35:07.444,LYWSD03MMC,0,0,a4:c1:38:e0:67:ae,-36,38
2024-04-05T13:35:07.474,,2,1,52:20:fa:fa:a0:d6,-49,39
2024-04-05T13:35:07.584,,2,1,52:20:fa:fa:a0:d6,-54,37
2024-04-05T13:35:07.594,,2,1,52:20:fa:fa:a0:d6,-61,38
2024-04-05T13:35:07.774,,2,1,52:20:fa:fa:a0:d6,-49,39
2024-04-05T13:35:07.884,,2,1,52:20:fa:fa:a0:d6,-53,37
2024-04-05T13:35:07.894,,2,1,52:20:fa:fa:a0:d6,-61,38
2024-04-05T13:35:08.074,,2,1,52:20:fa:fa:a0:d6,-49,39
2024-04-05T13:35:08.184,,2,1,52:20:fa:fa:a0:d6,-54,37
2024-04-05T13:35:08.194,,2,1,52:20:fa:fa:a0:d6,-62,38
2024-04-05T13:35:08.434,,2,1,52:20:fa:fa:a0:d6,-54,37
2024-04-05T13:35:08.444,,2,1,52:20:fa:fa:a0:d6,-62,38
2024-04-05T13:35:08.624,,2,1,52:20:fa:fa:a0:d6,-49,39
2024-04-05T13:35:08.734,,2,1,52:20:fa:fa:a0:d6,-54,37
2024-04-05T13:35:08.744,,2,1,52:20:fa:fa:a0:d6,-62,38
2024-04-05T13:35:08.924,,2,1,52:20:fa:fa:a0:d6,-49,39
2024-04-05T13:35:09.034,,2,1,52:20:fa:fa:a0:d6,-53,37
2024-04-05T13:35:09.044,,2,1,52:20:fa:fa:a0:d6,-62,38
2024-04-05T13:35:09.224,,2,1,52:20:fa:fa:a0:d6,-49,39
2024-04-05T13:35:09.284,,2,1,52:20:fa:fa:a0:d6,-53,37
2024-04-05T13:35:09.424,LYWSD03MMC,0,0,a4:c1:38:e0:67:ae,-47,39
2024-04-05T13:35:09.534,LYWSD03MMC,0,0,a4:c1:38:e0:67:ae,-40,37
2024-04-05T13:35:09.544,LYWSD03MMC,0,0,a4:c1:38:e0:67:ae,-36,38
2024-04-05T13:35:09.584,,2,1,52:20:fa:fa:a0:d6,-54,37
2024-04-05T13:35:09.594,,2,1,52:20:fa:fa:a0:d6,-62,38
2024-04-05T13:35:09.774,,2,1,52:20:fa:fa:a0:d6,-50,39
2024-04-05T13:35:09.884,,2,1,52:20:fa:fa:a0:d6,-53,37
2024-04-05T13:35:09.894,,2,1,52:20:fa:fa:a0:d6,-62,38
2024-04-05T13:35:10.074,,2,1,52:20:fa:fa:a0:d6,-50,39
2024-04-05T13:35:10.184,,2,1,52:20:fa:fa:a0:d6,-53,37
2024-04-05T13:35:10.194,,2,1,52:20:fa:fa:a0:d6,-62,38
2024-04-05T13:35:10.374,,2,1,52:20:fa:fa:a0:d6,-49,39
2024-04-05T13:35:10.434,,2,1,52:20:fa:fa:a0:d6,-53,37
2024-04-05T13:35:10.444,,2,1,52:20:fa:fa:a0:d6,-62,38
2024-04-05T13:35:10.624,,2,1,52:20:fa:fa:a0:d6,-49,39
2024-04-05T13:35:10.734,,2,1,52:20:fa:fa:a0:d6,-53,37
2024-04-05T13:35:10.744,,2,1,52:20:fa:fa:a0:d6,-63,38
2024-04-05T13:35:10.924,,2,1,52:20:fa:fa:a0:d6,-49,39
2024-04-05T13:35:11.034,,2,1,52:20:fa:fa:a0:d6,-53,37
2024-04-05T13:35:11.044,,2,1,52:20:fa:fa:a0:d6,-63,38
2024-04-05T13:35:11.224,,2,1,52:20:fa:fa:a0:d6,-49,39
2024-04-05T13:35:11.334,,2,1,52:20:fa:fa:a0:d6,-54,37
2024-04-05T13:35:11.344,,2,1,52:20:fa:fa:a0:d6,-62,38
2024-04-05T13:35:11.524,,2,1,52:20:fa:fa:a0:d6,-49,39
2024-04-05T13:35:11.584,,2,1,52:20:fa:fa:a0:d6,-54,37
2024-04-05T13:35:11.594,,2,1,52:20:fa:fa:a0:d6,-63,38
2024-04-05T13:35:11.624,LYWSD03MMC,0,0,a4:c1:38:e0:67:ae,-47,39
2024-04-05T13:35:11.734,LYWSD03MMC,0,0,a4:c1:38:e0:67:ae,-40,37
2024-04-05T13:35:11.744,LYWSD03MMC,0,0,a4:c1:38:e0:67:ae,-36,38
2024-04-05T13:35:11.824,,2,1,52:20:fa:fa:a0:d6,-49,39
2024-04-05T13:35:11.884,,2,1,52:20:fa:fa:a0:d6,-54,37
2024-04-05T13:35:11.894,,2,1,52:20:fa:fa:a0:d6,-62,38
2024-04-05T13:35:12.074,,2,1,52:20:fa:fa:a0:d6,-49,39
2024-04-05T13:35:12.184,,2,1,52:20:fa:fa:a0:d6,-53,37
2024-04-05T13:35:12.194,,2,1,52:20:fa:fa:a0:d6,-62,38
2024-04-05T13:35:12.374,,2,1,52:20:fa:fa:a0:d6,-49,39
2024-04-05T13:35:12.484,,2,1,52:20:fa:fa:a0:d6,-54,37
2024-04-05T13:35:12.494,,2,1,52:20:fa:fa:a0:d6,-62,38
2024-04-05T13:35:12.674,,2,1,52:20:fa:fa:a0:d6,-49,39
2024-04-05T13:35:12.734,,2,1,52:20:fa:fa:a0:d6,-53,37
2024-04-05T13:35:12.924,,2,1,52:20:fa:fa:a0:d6,-49,39
2024-04-05T13:35:13.034,,2,1,52:20:fa:fa:a0:d6,-53,37
2024-04-05T13:35:13.044,,2,1,52:20:fa:fa:a0:d6,-61,38
2024-04-05T13:35:13.224,,2,1,52:20:fa:fa:a0:d6,-49,39
2024-04-05T13:35:13.334,,2,1,52:20:fa:fa:a0:d6,-53,37
2024-04-05T13:35:13.344,,2,1,52:20:fa:fa:a0:d6,-62,38
2024-04-05T13:35:13.524,,2,1,52:20:fa:fa:a0:d6,-49,39
2024-04-05T13:35:13.634,,2,1,52:20:fa:fa:a0:d6,-53,37
2024-04-05T13:35:13.644,,2,1,52:20:fa:fa:a0:d6,-61,38
2024-04-05T13:35:13.774,LYWSD03MMC,0,0,a4:c1:38:e0:67:ae,-48,39
2024-04-05T13:35:13.824,,2,1,52:20:fa:fa:a0:d6,-49,39
2024-04-05T13:35:13.874,LYWSD03MMC,0,0,a4:c1:38:e0:67:ae,-40,37
2024-04-05T13:35:13.874,,2,1,52:20:fa:fa:a0:d6,-53,37
2024-04-05T13:35:13.884,LYWSD03MMC,0,0,a4:c1:38:e0:67:ae,-36,38
2024-04-05T13:35:13.884,,2,1,52:20:fa:fa:a0:d6,-62,38
2024-04-05T13:35:14.074,,2,1,52:20:fa:fa:a0:d6,-49,39
2024-04-05T13:35:14.184,,2,1,52:20:fa:fa:a0:d6,-54,37
2024-04-05T13:35:14.194,,2,1,52:20:fa:fa:a0:d6,-63,38
2024-04-05T13:35:14.374,,2,1,52:20:fa:fa:a0:d6,-49,39
2024-04-05T13:35:14.484,,2,1,52:20:fa:fa:a0:d6,-53,37
2024-04-05T13:35:14.494,,2,1,52:20:fa:fa:a0:d6,-62,38
2024-04-05T13:35:14.674,,2,1,52:20:fa:fa:a0:d6,-49,39
2024-04-05T13:35:14.794,,2,1,52:20:fa:fa:a0:d6,-62,38
2024-04-05T13:35:14.924,,2,1,52:20:fa:fa:a0:d6,-50,39
2024-04-05T13:35:15.034,,2,1,52:20:fa:fa:a0:d6,-54,37
2024-04-05T13:35:15.044,,2,1,52:20:fa:fa:a0:d6,-63,38
2024-04-05T13:35:15.224,,2,1,52:20:fa:fa:a0:d6,-50,39
2024-04-05T13:35:15.334,,2,1,52:20:fa:fa:a0:d6,-55,37
2024-04-05T13:35:15.344,,2,1,52:20:fa:fa:a0:d6,-63,38
2024-04-05T13:35:15.524,,2,1,52:20:fa:fa:a0:d6,-49,39
2024-04-05T13:35:15.634,,2,1,52:20:fa:fa:a0:d6,-54,37
2024-04-05T13:35:15.644,,2,1,52:20:fa:fa:a0:d6,-62,38
2024-04-05T13:35:15.884,,2,1,52:20:fa:fa:a0:d6,-54,37
2024-04-05T13:35:15.894,,2,1,52:20:fa:fa:a0:d6,-62,38
2024-04-05T13:35:15.924,LYWSD03MMC,0,0,a4:c1:38:e0:67:ae,-47,39
2024-04-05T13:35:16.034,LYWSD03MMC,0,0,a4:c1:38:e0:67:ae,-40,37
2024-04-05T13:35:16.044,LYWSD03MMC,0,0,a4:c1:38:e0:67:ae,-36,38
2024-04-05T13:35:16.074,,2,1,52:20:fa:fa:a0:d6,-49,39
2024-04-05T13:35:16.184,,2,1,52:20:fa:fa:a0:d6,-53,37
2024-04-05T13:35:16.194,,2,1,52:20:fa:fa:a0:d6,-63,38
2024-04-05T13:35:16.374,,2,1,52:20:fa:fa:a0:d6,-49,39
2024-04-05T13:35:16.484,,2,1,52:20:fa:fa:a0:d6,-53,37
2024-04-05T13:35:16.494,,2,1,52:20:fa:fa:a0:d6,-63,38
2024-04-05T13:35:16.674,,2,1,52:20:fa:fa:a0:d6,-50,39
2024-04-05T13:35:16.734,,2,1,52:20:fa:fa:a0:d6,-53,37
2024-04-05T13:35:16.744,,2,1,52:20:fa:fa:a0:d6,-63,38
2024-04-05T13:35:16.924,,2,1,52:20:fa:fa:a0:d6,-50,39
2024-04-05T13:35:17.034,,2,1,52:20:fa:fa:a0:d6,-53,37
2024-04-05T13:35:17.044,,2,1,52:20:fa:fa:a0:d6,-63,38
2024-04-05T13:35:17.224,,2,1,52:20:fa:fa:a0:d6,-49,39
2024-04-05T13:35:17.334,,2,1,52:20:fa:fa:a0:d6,-53,37
2024-04-05T13:35:17.344,,2,1,52:20:fa:fa:a0:d6,-63,38
2024-04-05T13:35:17.524,,2,1,52:20:fa:fa:a0:d6,-50,39
2024-04-05T13:35:17.634,,2,1,52:20:fa:fa:a0:d6,-53,37
2024-04-05T13:35:17.644,,2,1,52:20:fa:fa:a0:d6,-63,38
2024-04-05T13:35:17.824,,2,1,52:20:fa:fa:a0:d6,-49,39
2024-04-05T13:35:17.884,,2,1,52:20:fa:fa:a0:d6,-53,37
2024-04-05T13:35:17.894,,2,1,52:20:fa:fa:a0:d6,-64,38
2024-04-05T13:35:18.024,LYWSD03MMC,0,0,a4:c1:38:e0:67:ae,-47,39
2024-04-05T13:35:18.074,,2,1,52:20:fa:fa:a0:d6,-49,39
2024-04-05T13:35:18.134,LYWSD03MMC,0,0,a4:c1:38:e0:67:ae,-40,37
2024-04-05T13:35:18.144,LYWSD03MMC,0,0,a4:c1:38:e0:67:ae,-36,38
2024-04-05T13:35:18.184,,2,1,52:20:fa:fa:a0:d6,-53,37
2024-04-05T13:35:18.194,,2,1,52:20:fa:fa:a0:d6,-64,38
2024-04-05T13:35:18.374,,2,1,52:20:fa:fa:a0:d6,-50,39
2024-04-05T13:35:18.484,,2,1,52:20:fa:fa:a0:d6,-54,37
2024-04-05T13:35:18.494,,2,1,52:20:fa:fa:a0:d6,-63,38
2024-04-05T13:35:18.674,,2,1,52:20:fa:fa:a0:d6,-49,39
2024-04-05T13:35:18.734,,2,1,52:20:fa:fa:a0:d6,-54,37
2024-04-05T13:35:18.924,,2,1,52:20:fa:fa:a0:d6,-49,39
2024-04-05T13:35:19.034,,2,1,52:20:fa:fa:a0:d6,-54,37
2024-04-05T13:35:19.044,,2,1,52:20:fa:fa:a0:d6,-63,38
2024-04-05T13:35:19.224,,2,1,52:20:fa:fa:a0:d6,-49,39
2024-04-05T13:35:19.334,,2,1,52:20:fa:fa:a0:d6,-53,37
2024-04-05T13:35:19.344,,2,1,52:20:fa:fa:a0:d6,-63,38
2024-04-05T13:35:19.524,,2,1,52:20:fa:fa:a0:d6,-49,39
2024-04-05T13:35:19.634,,2,1,52:20:fa:fa:a0:d6,-54,37
2024-04-05T13:35:19.644,,2,1,52:20:fa:fa:a0:d6,-63,38
2024-04-05T13:35:19.824,,2,1,52:20:fa:fa:a0:d6,-49,39
2024-04-05T13:35:19.884,,2,1,52:20:fa:fa:a0:d6,-54,37
2024-04-05T13:35:20.024,LYWSD03MMC,0,0,a4:c1:38:e0:67:ae,-47,39
2024-04-05T13:35:20.134,LYWSD03MMC,0,0,a4:c1:38:e0:67:ae,-40,37
2024-04-05T13:35:20.144,LYWSD03MMC,0,0,a4:c1:38:e0:67:ae,-36,38
2024-04-05T13:35:20.184,,2,1,52:20:fa:fa:a0:d6,-54,37
2024-04-05T13:35:20.194,,2,1,52:20:fa:fa:a0:d6,-64,38
2024-04-05T13:35:20.374,,2,1,52:20:fa:fa:a0:d6,-49,39
2024-04-05T13:35:20.484,,2,1,52:20:fa:fa:a0:d6,-53,37
2024-04-05T13:35:20.494,,2,1,52:20:fa:fa:a0:d6,-63,38
2024-04-05T13:35:20.674,,2,1,52:20:fa:fa:a0:d6,-50,39
2024-04-05T13:35:20.784,,2,1,52:20:fa:fa:a0:d6,-53,37
2024-04-05T13:35:20.794,,2,1,52:20:fa:fa:a0:d6,-63,38
2024-04-05T13:35:20.974,,2,1,52:20:fa:fa:a0:d6,-50,39
2024-04-05T13:35:21.034,,2,1,52:20:fa:fa:a0:d6,-53,37
2024-04-05T13:35:21.044,,2,1,52:20:fa:fa:a0:d6,-63,38
2024-04-05T13:35:21.224,,2,1,52:20:fa:fa:a0:d6,-49,39
2024-04-05T13:35:21.334,,2,1,52:20:fa:fa:a0:d6,-53,37
2024-04-05T13:35:21.344,,2,1,52:20:fa:fa:a0:d6,-63,38
2024-04-05T13:35:21.524,,2,1,52:20:fa:fa:a0:d6,-50,39
2024-04-05T13:35:21.634,,2,1,52:20:fa:fa:a0:d6,-54,37
2024-04-05T13:35:21.644,,2,1,52:20:fa:fa:a0:d6,-63,38
